Date,Time,Open,High,Low,Close,Vol,OI
12/11/2017,17:00:00,18060.00000,18060.00000,18060.00000,18060.00000,0,0
12/12/2017,17:00:00,18640.00000,18640.00000,18640.00000,18640.00000,0,0
12/13/2017,17:00:00,18810.00000,18810.00000,18810.00000,18810.00000,0,0
12/14/2017,17:00:00,18355.00000,18355.00000,18355.00000,18355.00000,0,0
12/15/2017,17:00:00,19445.00000,21045.00000,19445.00000,21045.00000,0,0
12/18/2017,17:00:00,22195.00000,22195.00000,19890.00000,20645.00000,1054,215
12/19/2017,17:00:00,20680.00000,21270.00000,18725.00000,19745.00000,559,231
12/20/2017,17:00:00,19290.00000,19895.00000,17980.00000,18585.00000,784,306
12/21/2017,17:00:00,17945.00000,18815.00000,16625.00000,16875.00000,879,407
12/22/2017,17:00:00,17140.00000,17370.00000,13810.00000,15680.00000,2374,489
12/26/2017,17:00:00,15445.00000,17645.00000,15245.00000,17330.00000,406,491
12/27/2017,17:00:00,17200.00000,18090.00000,16005.00000,16235.00000,507,493
12/28/2017,17:00:00,16695.00000,16825.00000,14905.00000,15290.00000,746,566
12/29/2017,17:00:00,15510.00000,16550.00000,15380.00000,16015.00000,1078,498
01/02/2018,17:00:00,15500.00000,16790.00000,14625.00000,16400.00000,734,596
01/03/2018,17:00:00,16445.00000,16995.00000,16195.00000,16520.00000,719,611
01/04/2018,17:00:00,16470.00000,17015.00000,15750.00000,16445.00000,760,642
01/05/2018,17:00:00,16630.00000,18390.00000,16415.00000,18135.00000,814,671
01/08/2018,17:00:00,17970.00000,18000.00000,15415.00000,16450.00000,958,642
01/09/2018,17:00:00,16220.00000,16910.00000,15730.00000,16295.00000,863,665
01/10/2018,17:00:00,15950.00000,16265.00000,15025.00000,15995.00000,887,690
01/11/2018,17:00:00,16045.00000,16455.00000,14365.00000,14930.00000,1298,727
01/12/2018,17:00:00,14545.00000,15625.00000,14395.00000,15490.00000,787,748
01/16/2018,17:00:00,15145.00000,15825.00000,12705.00000,12705.00000,2552,730
01/17/2018,17:00:00,12735.00000,13345.00000,10770.00000,12490.00000,2657,696
01/18/2018,17:00:00,12670.00000,13620.00000,12190.00000,13360.00000,1708,618
01/19/2018,17:00:00,12880.00000,13575.00000,12535.00000,12905.00000,979,560
01/22/2018,17:00:00,12845.00000,13375.00000,11500.00000,11900.00000,1137,509
01/23/2018,17:00:00,12170.00000,12895.00000,11410.00000,12640.00000,1241,410
01/24/2018,17:00:00,12335.00000,13000.00000,11980.00000,12660.00000,838,283
01/25/2018,17:00:00,12955.00000,13165.00000,12335.00000,12705.00000,380,830
01/26/2018,17:00:00,12565.00000,13125.00000,11755.00000,12470.00000,573,820
01/29/2018,17:00:00,13015.00000,13280.00000,12475.00000,12675.00000,463,867
01/30/2018,17:00:00,12625.00000,12750.00000,11225.00000,11445.00000,1137,849
01/31/2018,17:00:00,11505.00000,11780.00000,11005.00000,11505.00000,842,866
02/01/2018,17:00:00,11525.00000,11680.00000,9985.00000,10595.00000,2535,1082
02/02/2018,17:00:00,10395.00000,10580.00000,9255.00000,10090.00000,2535,1010
02/05/2018,17:00:00,9810.00000,9820.00000,8375.00000,8765.00000,2186,1228
02/06/2018,17:00:00,8355.00000,9425.00000,7475.00000,9055.00000,2234,1315
02/07/2018,17:00:00,9125.00000,10045.00000,8740.00000,9750.00000,1379,1402
02/08/2018,17:00:00,9295.00000,10195.00000,9150.00000,9830.00000,764,1277
02/09/2018,17:00:00,9670.00000,10275.00000,9220.00000,10115.00000,764,1277
02/12/2018,17:00:00,9885.00000,10425.00000,9580.00000,10365.00000,679,1170
02/13/2018,17:00:00,10430.00000,10505.00000,9840.00000,10205.00000,550,1104
02/14/2018,17:00:00,10010.00000,10895.00000,10010.00000,10795.00000,944,1159
02/15/2018,17:00:00,10905.00000,11685.00000,10880.00000,11595.00000,1783,940
02/16/2018,17:00:00,11595.00000,11770.00000,11180.00000,11525.00000,1101,877
02/20/2018,17:00:00,12565.00000,13265.00000,12565.00000,13240.00000,2080,594
02/21/2018,17:00:00,12745.00000,12845.00000,11725.00000,11875.00000,1326,459
02/22/2018,17:00:00,12005.00000,12370.00000,11265.00000,11600.00000,530,1284
02/23/2018,17:00:00,11385.00000,11845.00000,11035.00000,11455.00000,1473,1407
02/26/2018,17:00:00,11185.00000,11895.00000,10775.00000,11755.00000,745,1441
02/27/2018,17:00:00,11810.00000,12380.00000,11605.00000,12165.00000,761,1469
02/28/2018,17:00:00,12170.00000,12510.00000,11835.00000,12150.00000,1130,1387
03/01/2018,17:00:00,11955.00000,12605.00000,11725.00000,12570.00000,748,1332
03/02/2018,17:00:00,12540.00000,12720.00000,12265.00000,12565.00000,748,1332
03/05/2018,17:00:00,12855.00000,13205.00000,12845.00000,13120.00000,990,1479
03/06/2018,17:00:00,13100.00000,13160.00000,12075.00000,12155.00000,1580,1449
03/07/2018,17:00:00,12240.00000,12385.00000,10890.00000,11295.00000,1888,1460
03/08/2018,17:00:00,11475.00000,11605.00000,10610.00000,10905.00000,2524,1410
03/09/2018,17:00:00,10855.00000,10950.00000,9895.00000,10520.00000,2742,1436
03/12/2018,17:00:00,10995.00000,11445.00000,10240.00000,10415.00000,2732,1395
03/13/2018,17:00:00,10670.00000,11020.00000,10330.00000,10575.00000,3375,1361
03/14/2018,17:00:00,10410.00000,10900.00000,9690.00000,9780.00000,2638,1268
03/15/2018,17:00:00,9510.00000,9955.00000,9205.00000,9740.00000,3065,1280
03/16/2018,17:00:00,9845.00000,10145.00000,9390.00000,10060.00000,3065,1274
03/19/2018,17:00:00,9780.00000,10225.00000,9605.00000,9905.00000,2746,1246
03/20/2018,17:00:00,9925.00000,10530.00000,9825.00000,10450.00000,2050,1170
03/21/2018,17:00:00,10495.00000,10690.00000,10280.00000,10395.00000,1829,1130
03/22/2018,17:00:00,10410.00000,10600.00000,10005.00000,10135.00000,2123,1039
03/23/2018,17:00:00,10155.00000,10275.00000,9775.00000,10120.00000,2895,1012
03/26/2018,17:00:00,10155.00000,10155.00000,9345.00000,9415.00000,2433,742
03/27/2018,17:00:00,9385.00000,9775.00000,9265.00000,9400.00000,3738,494
03/28/2018,17:00:00,9405.00000,9575.00000,9230.00000,9385.00000,493,1148
03/29/2018,17:00:00,9380.00000,9495.00000,8555.00000,8820.00000,1684,1295
04/02/2018,17:00:00,8390.00000,8635.00000,8260.00000,8475.00000,3539,1369
04/03/2018,17:00:00,8460.00000,9005.00000,8450.00000,8945.00000,2274,1489
04/04/2018,17:00:00,8915.00000,8925.00000,8210.00000,8345.00000,2951,1500
04/05/2018,17:00:00,8275.00000,8410.00000,8035.00000,8245.00000,2415,1503
04/06/2018,17:00:00,8245.00000,8375.00000,7970.00000,8115.00000,2415,1503
04/09/2018,17:00:00,8510.00000,8710.00000,8090.00000,8160.00000,3348,1527
04/10/2018,17:00:00,8190.00000,8365.00000,8125.00000,8325.00000,1882,1486
04/11/2018,17:00:00,8345.00000,8455.00000,8270.00000,8405.00000,1746,1582
04/12/2018,17:00:00,8405.00000,9590.00000,8145.00000,9165.00000,4825,1662
04/13/2018,17:00:00,9275.00000,9720.00000,9245.00000,9590.00000,3045,1744
04/16/2018,17:00:00,9490.00000,9930.00000,9365.00000,9465.00000,3858,1676
04/17/2018,17:00:00,9500.00000,9665.00000,9290.00000,9370.00000,2676,1573
04/18/2018,17:00:00,9355.00000,9725.00000,9345.00000,9610.00000,2826,1574
04/19/2018,17:00:00,9675.00000,9800.00000,9585.00000,9745.00000,2318,1512
04/20/2018,17:00:00,9785.00000,10070.00000,9720.00000,10025.00000,2318,1511
04/23/2018,17:00:00,10395.00000,10500.00000,10260.00000,10330.00000,2952,1117
04/24/2018,17:00:00,10450.00000,10950.00000,10405.00000,10940.00000,4681,944
04/25/2018,17:00:00,10965.00000,11250.00000,10240.00000,10455.00000,10346,588
04/26/2018,17:00:00,10645.00000,10720.00000,10125.00000,10350.00000,447,1482
04/27/2018,17:00:00,10590.00000,10875.00000,10395.00000,10535.00000,2190,1588
04/30/2018,17:00:00,10830.00000,10950.00000,10595.00000,10820.00000,2999,1723
05/01/2018,17:00:00,10740.00000,10770.00000,10270.00000,10440.00000,3143,1654
05/02/2018,17:00:00,10525.00000,10665.00000,10440.00000,10605.00000,2093,1709
05/03/2018,17:00:00,10700.00000,11260.00000,10635.00000,11130.00000,3762,2063
05/04/2018,17:00:00,11165.00000,11295.00000,10995.00000,11125.00000,3762,2060
05/07/2018,17:00:00,11060.00000,11160.00000,10615.00000,10890.00000,4705,2043
05/08/2018,17:00:00,10865.00000,10945.00000,10465.00000,10690.00000,4435,1995
05/09/2018,17:00:00,10640.00000,10830.00000,10410.00000,10735.00000,3015,1964
05/10/2018,17:00:00,10710.00000,10870.00000,10495.00000,10545.00000,3063,2015
05/11/2018,17:00:00,10565.00000,10580.00000,9835.00000,10080.00000,4980,2064
05/14/2018,17:00:00,10115.00000,10355.00000,9740.00000,10210.00000,5754,1984
05/15/2018,17:00:00,10190.00000,10305.00000,9890.00000,10010.00000,4222,1872
05/16/2018,17:00:00,9930.00000,10000.00000,9570.00000,9705.00000,4978,1852
05/17/2018,17:00:00,9745.00000,9915.00000,9570.00000,9635.00000,2872,1698
05/18/2018,17:00:00,9680.00000,9730.00000,9370.00000,9685.00000,3390,1596
05/21/2018,17:00:00,9980.00000,10135.00000,9775.00000,9830.00000,2701,1239
05/22/2018,17:00:00,9800.00000,9875.00000,9525.00000,9635.00000,2341,992
05/23/2018,17:00:00,9505.00000,9530.00000,8880.00000,9045.00000,4586,791
05/24/2018,17:00:00,8945.00000,9175.00000,8720.00000,9045.00000,2069,2009
05/25/2018,17:00:00,8970.00000,9120.00000,8775.00000,8885.00000,2069,2009
05/29/2018,17:00:00,8930.00000,9025.00000,8875.00000,8940.00000,5052,2218
05/30/2018,17:00:00,8950.00000,9065.00000,8715.00000,8765.00000,2471,2211
05/31/2018,17:00:00,8780.00000,9105.00000,8780.00000,8990.00000,2102,2328
06/01/2018,17:00:00,8995.00000,9065.00000,8745.00000,8885.00000,2197,2223
06/04/2018,17:00:00,9160.00000,9345.00000,8905.00000,8945.00000,1625,2290
06/05/2018,17:00:00,8960.00000,9115.00000,8805.00000,9070.00000,2069,2363
06/06/2018,17:00:00,9050.00000,9140.00000,8930.00000,8985.00000,1450,2345
06/07/2018,17:00:00,9140.00000,9225.00000,9085.00000,9150.00000,1437,2460
06/08/2018,17:00:00,9115.00000,9150.00000,8985.00000,9100.00000,1301,2432
06/11/2018,17:00:00,8565.00000,8565.00000,8055.00000,8195.00000,3861,2351
06/12/2018,17:00:00,8215.00000,8335.00000,7870.00000,7945.00000,3875,2305
06/13/2018,17:00:00,7915.00000,8065.00000,7545.00000,7715.00000,5146,2428
06/14/2018,17:00:00,7720.00000,8150.00000,7695.00000,8080.00000,4461,2294
06/15/2018,17:00:00,8115.00000,8115.00000,7885.00000,7975.00000,2485,2348
06/18/2018,17:00:00,7940.00000,8230.00000,7785.00000,8140.00000,2794,2258
06/19/2018,17:00:00,8155.00000,8285.00000,8095.00000,8180.00000,1563,2135
06/20/2018,17:00:00,8150.00000,8260.00000,7990.00000,8190.00000,2108,2123
06/21/2018,17:00:00,8150.00000,8225.00000,8115.00000,8155.00000,1135,2036
06/22/2018,17:00:00,8150.00000,8180.00000,7405.00000,7610.00000,3832,1950
06/25/2018,17:00:00,7595.00000,7790.00000,7510.00000,7690.00000,4762,1420
06/26/2018,17:00:00,7700.00000,7720.00000,7565.00000,7605.00000,3173,1029
06/27/2018,17:00:00,7655.00000,7655.00000,7420.00000,7605.00000,3229,725
06/28/2018,17:00:00,7610.00000,7650.00000,7455.00000,7535.00000,521,1712
06/29/2018,17:00:00,7365.00000,7400.00000,7225.00000,7335.00000,2512,1997
07/02/2018,17:00:00,7745.00000,8150.00000,7730.00000,8095.00000,3977,1956
07/03/2018,17:00:00,8115.00000,8130.00000,8000.00000,8050.00000,1627,2075
07/05/2018,17:00:00,8065.00000,8265.00000,7870.00000,7975.00000,6739,2208
07/06/2018,17:00:00,7960.00000,8110.00000,7900.00000,8035.00000,2038,2253
07/09/2018,17:00:00,8215.00000,8230.00000,8115.00000,8165.00000,1765,2172
07/10/2018,17:00:00,8165.00000,8255.00000,7765.00000,7825.00000,3084,2092
07/11/2018,17:00:00,7825.00000,7850.00000,7715.00000,7800.00000,2719,1998
07/12/2018,17:00:00,7825.00000,7835.00000,7580.00000,7630.00000,3076,2023
07/13/2018,17:00:00,7625.00000,7810.00000,7530.00000,7635.00000,3558,2076
07/16/2018,17:00:00,7840.00000,8180.00000,7790.00000,8145.00000,3171,2168
07/17/2018,17:00:00,8135.00000,8940.00000,8125.00000,8775.00000,5582,2106
07/18/2018,17:00:00,8855.00000,9065.00000,8710.00000,8865.00000,6956,2127
07/19/2018,17:00:00,8795.00000,8980.00000,8745.00000,8920.00000,4580,2156
07/20/2018,17:00:00,8905.00000,9170.00000,8740.00000,8810.00000,6978,2134
07/23/2018,17:00:00,8850.00000,9290.00000,8805.00000,9205.00000,8545,2024
07/24/2018,17:00:00,9210.00000,9835.00000,9150.00000,9730.00000,11464,1433
07/25/2018,17:00:00,9725.00000,9960.00000,9495.00000,9615.00000,11553,943
07/26/2018,17:00:00,9730.00000,9780.00000,9590.00000,9735.00000,9284,2193
07/27/2018,17:00:00,9460.00000,9740.00000,9255.00000,9680.00000,9284,2184
07/30/2018,17:00:00,9620.00000,9745.00000,9325.00000,9580.00000,8136,2312
07/31/2018,17:00:00,9600.00000,9680.00000,9120.00000,9210.00000,9415,2338
08/01/2018,17:00:00,9175.00000,9240.00000,8920.00000,9025.00000,9125,2316
08/02/2018,17:00:00,8940.00000,9180.00000,8910.00000,9005.00000,5700,2148
08/03/2018,17:00:00,9005.00000,9040.00000,8750.00000,8850.00000,5700,2144
08/06/2018,17:00:00,8560.00000,8620.00000,8350.00000,8400.00000,5117,2155
08/07/2018,17:00:00,8325.00000,8635.00000,8305.00000,8470.00000,5037,1993
08/08/2018,17:00:00,8235.00000,8265.00000,7585.00000,7810.00000,8099,2057
08/09/2018,17:00:00,7780.00000,8025.00000,7650.00000,7940.00000,6827,2013
08/10/2018,17:00:00,8035.00000,8085.00000,7585.00000,7870.00000,6444,2017
08/13/2018,17:00:00,7885.00000,8035.00000,7615.00000,7710.00000,7804,2035
08/14/2018,17:00:00,7720.00000,7760.00000,7330.00000,7555.00000,6904,2122
08/15/2018,17:00:00,7585.00000,8080.00000,7555.00000,7855.00000,6993,2117
08/16/2018,17:00:00,7880.00000,7955.00000,7665.00000,7885.00000,4378,2071
08/17/2018,17:00:00,7745.00000,8025.00000,7725.00000,7960.00000,4288,2123
08/20/2018,17:00:00,7970.00000,7995.00000,7840.00000,7910.00000,2381,2075
08/21/2018,17:00:00,7875.00000,7950.00000,7685.00000,7905.00000,3319,2051
08/22/2018,17:00:00,7920.00000,8350.00000,7730.00000,7885.00000,5379,1905
08/23/2018,17:00:00,7830.00000,7945.00000,7705.00000,7885.00000,3554,1886
08/24/2018,17:00:00,7940.00000,8120.00000,7930.00000,8095.00000,2656,1730
08/27/2018,17:00:00,8135.00000,8240.00000,8130.00000,8210.00000,2398,1436
08/28/2018,17:00:00,8200.00000,8605.00000,8195.00000,8570.00000,5220,1063
08/29/2018,17:00:00,8580.00000,8600.00000,8370.00000,8480.00000,3899,533
08/30/2018,17:00:00,8525.00000,8530.00000,8270.00000,8290.00000,752,2246
08/31/2018,17:00:00,8435.00000,8575.00000,8350.00000,8530.00000,4632,2284
09/04/2018,17:00:00,8745.00000,8895.00000,8675.00000,8835.00000,5305,2227
09/05/2018,17:00:00,8840.00000,8880.00000,8325.00000,8385.00000,4585,2181
09/06/2018,17:00:00,8410.00000,8410.00000,7700.00000,7915.00000,2475,2218
09/07/2018,17:00:00,7895.00000,7990.00000,7765.00000,7875.00000,2475,2218
09/10/2018,17:00:00,7825.00000,7835.00000,7660.00000,7750.00000,1936,2312
09/11/2018,17:00:00,7745.00000,7870.00000,7605.00000,7715.00000,1857,2277
09/12/2018,17:00:00,7755.00000,7820.00000,7660.00000,7775.00000,1581,2328
09/13/2018,17:00:00,7780.00000,8010.00000,7780.00000,7920.00000,2350,2417
09/14/2018,17:00:00,7935.00000,8060.00000,7815.00000,8010.00000,2085,2354
09/17/2018,17:00:00,7955.00000,8010.00000,7650.00000,7715.00000,2337,2283
09/18/2018,17:00:00,7695.00000,7855.00000,7665.00000,7760.00000,1108,2194
09/19/2018,17:00:00,7790.00000,8020.00000,7520.00000,7860.00000,3037,2178
09/20/2018,17:00:00,7850.00000,7920.00000,7795.00000,7885.00000,1373,2098
09/21/2018,17:00:00,7955.00000,8260.00000,7940.00000,8225.00000,3627,2034
09/24/2018,17:00:00,8150.00000,8205.00000,8040.00000,8095.00000,2081,1481
09/25/2018,17:00:00,8090.00000,8090.00000,7800.00000,7840.00000,3388,1262
09/26/2018,17:00:00,7870.00000,8020.00000,7850.00000,7970.00000,3381,907
09/27/2018,17:00:00,7930.00000,8230.00000,7915.00000,8140.00000,4965,1975
09/28/2018,17:00:00,8195.00000,8300.00000,8015.00000,8165.00000,4965,1975
10/01/2018,17:00:00,8055.00000,8120.00000,7950.00000,8035.00000,1477,2033
10/02/2018,17:00:00,8045.00000,8080.00000,7930.00000,8005.00000,1131,2029
10/03/2018,17:00:00,8005.00000,8015.00000,7840.00000,7920.00000,1356,2090
10/04/2018,17:00:00,7910.00000,8105.00000,7900.00000,8050.00000,1697,2172
10/05/2018,17:00:00,8025.00000,8075.00000,7995.00000,8025.00000,928,2221
10/08/2018,17:00:00,8025.00000,8170.00000,8010.00000,8125.00000,1783,2438
10/09/2018,17:00:00,8115.00000,8115.00000,8030.00000,8075.00000,1004,2477
10/10/2018,17:00:00,8075.00000,8085.00000,7945.00000,8035.00000,1700,2500
10/11/2018,17:00:00,8010.00000,8030.00000,7525.00000,7675.00000,4268,2263
10/12/2018,17:00:00,7675.00000,7720.00000,7590.00000,7680.00000,1908,2390
10/15/2018,17:00:00,7660.00000,8265.00000,7605.00000,7885.00000,6704,2322
10/16/2018,17:00:00,7885.00000,7990.00000,7875.00000,7915.00000,1604,2248
10/17/2018,17:00:00,7940.00000,7975.00000,7895.00000,7915.00000,1189,2172
10/18/2018,17:00:00,7925.00000,7975.00000,7825.00000,7885.00000,2759,2149
10/19/2018,17:00:00,7870.00000,7900.00000,7835.00000,7875.00000,1108,2105
10/22/2018,17:00:00,7910.00000,7940.00000,7855.00000,7890.00000,1752,1894
10/23/2018,17:00:00,7895.00000,7920.00000,7845.00000,7890.00000,1492,1736
10/24/2018,17:00:00,7890.00000,7985.00000,7875.00000,7920.00000,2799,1370
10/25/2018,17:00:00,7915.00000,7915.00000,7825.00000,7910.00000,1331,1534
10/26/2018,17:00:00,7900.00000,7965.00000,7875.00000,7895.00000,2434,1924
10/29/2018,17:00:00,7895.00000,7945.00000,7690.00000,7745.00000,3904,2011
10/30/2018,17:00:00,7750.00000,7795.00000,7735.00000,7750.00000,1992,2180
10/31/2018,17:00:00,7760.00000,7845.00000,7675.00000,7800.00000,3161,2056
11/01/2018,17:00:00,7800.00000,7840.00000,7795.00000,7820.00000,1174,2097
11/02/2018,17:00:00,7840.00000,7880.00000,7825.00000,7850.00000,1647,2055
11/05/2018,17:00:00,7905.00000,7955.00000,7870.00000,7895.00000,2336,2105
11/06/2018,17:00:00,7900.00000,7980.00000,7890.00000,7920.00000,3048,2406
11/07/2018,17:00:00,7935.00000,8050.00000,7935.00000,8015.00000,4263,2839
11/08/2018,17:00:00,8015.00000,8030.00000,7875.00000,7915.00000,2878,2771
11/09/2018,17:00:00,7905.00000,7920.00000,7745.00000,7840.00000,2878,2771
11/12/2018,17:00:00,7795.00000,7900.00000,7795.00000,7830.00000,1997,2818
11/13/2018,17:00:00,7820.00000,7830.00000,7730.00000,7790.00000,2534,2923
11/14/2018,17:00:00,7795.00000,7795.00000,6735.00000,6870.00000,8940,2966
11/15/2018,17:00:00,7015.00000,7095.00000,6660.00000,6930.00000,8633,2826
11/16/2018,17:00:00,6940.00000,7055.00000,6890.00000,6955.00000,3416,2988
11/19/2018,17:00:00,7005.00000,7020.00000,6065.00000,6340.00000,11321,2866
11/20/2018,17:00:00,6245.00000,6375.00000,5520.00000,5745.00000,12827,2554
11/21/2018,17:00:00,5735.00000,6125.00000,5670.00000,5895.00000,5146,2300
11/23/2018,17:00:00,5875.00000,5880.00000,5590.00000,5695.00000,5146,2300
11/26/2018,17:00:00,5470.00000,5560.00000,5020.00000,5110.00000,8901,1670
11/27/2018,17:00:00,5140.00000,5295.00000,5055.00000,5225.00000,6129,1491
11/28/2018,17:00:00,5295.00000,5870.00000,5255.00000,5805.00000,6789,1274
11/29/2018,17:00:00,5685.00000,5885.00000,5580.00000,5695.00000,5068,2692
11/30/2018,17:00:00,5725.00000,5785.00000,5355.00000,5450.00000,5068,2692
12/03/2018,17:00:00,5610.00000,5650.00000,5210.00000,5320.00000,3383,2977
12/04/2018,17:00:00,5425.00000,5535.00000,5210.00000,5360.00000,3059,2956
12/05/2018,17:00:00,5470.00000,5470.00000,5110.00000,5225.00000,2734,2956
12/06/2018,17:00:00,5470.00000,5480.00000,4880.00000,5120.00000,6081,3652
12/07/2018,17:00:00,5075.00000,5115.00000,4655.00000,4820.00000,6081,3652
12/10/2018,17:00:00,5015.00000,5100.00000,4850.00000,4895.00000,1918,3550
12/11/2018,17:00:00,4900.00000,4925.00000,4785.00000,4840.00000,1989,3525
12/12/2018,17:00:00,4865.00000,4990.00000,4825.00000,4940.00000,2665,3483
12/13/2018,17:00:00,4915.00000,4940.00000,4710.00000,4735.00000,3796,3613
12/14/2018,17:00:00,4755.00000,4785.00000,4640.00000,4665.00000,3046,3673
12/17/2018,17:00:00,4700.00000,5090.00000,4685.00000,5050.00000,4114,3680
12/18/2018,17:00:00,4995.00000,5080.00000,4945.00000,5015.00000,3415,3419
12/19/2018,17:00:00,5070.00000,5410.00000,5070.00000,5215.00000,4997,3218
12/20/2018,17:00:00,5195.00000,5670.00000,5155.00000,5395.00000,4834,3057
12/21/2018,17:00:00,5560.00000,5655.00000,5125.00000,5295.00000,5616,2289
12/24/2018,17:00:00,5470.00000,5785.00000,5445.00000,5590.00000,2415,1979
12/26/2018,17:00:00,5295.00000,5370.00000,5130.00000,5280.00000,2751,1319
12/27/2018,17:00:00,5320.00000,5345.00000,5050.00000,5070.00000,4180,2776
12/28/2018,17:00:00,5075.00000,5510.00000,5060.00000,5395.00000,4180,2726
12/31/2018,17:00:00,5325.00000,5335.00000,5125.00000,5175.00000,1961,2659
01/02/2019,17:00:00,5245.00000,5380.00000,5210.00000,5355.00000,3227,2874
01/03/2019,17:00:00,5375.00000,5395.00000,5235.00000,5285.00000,3620,3013
01/04/2019,17:00:00,5280.00000,5400.00000,5215.00000,5270.00000,3919,3016
01/07/2019,17:00:00,5515.00000,5595.00000,5470.00000,5510.00000,2757,3111
01/08/2019,17:00:00,5505.00000,5620.00000,5450.00000,5510.00000,4171,3127
01/09/2019,17:00:00,5515.00000,5555.00000,5475.00000,5515.00000,3683,3132
01/10/2019,17:00:00,5520.00000,5545.00000,5050.00000,5130.00000,5744,3610
01/11/2019,17:00:00,5125.00000,5210.00000,5085.00000,5160.00000,4216,3447
01/14/2019,17:00:00,5015.00000,5225.00000,4925.00000,5175.00000,4387,2965
01/15/2019,17:00:00,5175.00000,5190.00000,5015.00000,5060.00000,3786,3149
01/16/2019,17:00:00,5075.00000,5170.00000,5070.00000,5085.00000,4110,3174
01/17/2019,17:00:00,5095.00000,5170.00000,5040.00000,5130.00000,3564,3145
01/18/2019,17:00:00,5140.00000,5155.00000,5065.00000,5110.00000,2669,3048
01/22/2019,17:00:00,5050.00000,5145.00000,4915.00000,5105.00000,6725,2732
01/23/2019,17:00:00,5095.00000,5115.00000,4955.00000,5050.00000,2003,2289
01/24/2019,17:00:00,5050.00000,5090.00000,5045.00000,5065.00000,3678,2946
01/25/2019,17:00:00,5070.00000,5080.00000,5010.00000,5050.00000,3678,2946
01/28/2019,17:00:00,5030.00000,5060.00000,4870.00000,4925.00000,4345,3321
01/29/2019,17:00:00,4930.00000,4940.00000,4845.00000,4915.00000,2453,3366
01/30/2019,17:00:00,4905.00000,4980.00000,4890.00000,4955.00000,3311,3218
01/31/2019,17:00:00,4965.00000,5000.00000,4910.00000,4940.00000,4066,3249
02/01/2019,17:00:00,4930.00000,4985.00000,4890.00000,4970.00000,4692,3233
02/04/2019,17:00:00,4925.00000,4960.00000,4920.00000,4940.00000,2947,3186
02/05/2019,17:00:00,4935.00000,4960.00000,4925.00000,4945.00000,1566,3162
02/06/2019,17:00:00,4950.00000,4965.00000,4855.00000,4885.00000,3783,3339
02/07/2019,17:00:00,4890.00000,4915.00000,4880.00000,4885.00000,1731,3293
02/08/2019,17:00:00,4895.00000,5275.00000,4870.00000,5160.00000,9872,2955
02/11/2019,17:00:00,5155.00000,5195.00000,5125.00000,5150.00000,5075,2378
02/12/2019,17:00:00,5140.00000,5170.00000,5095.00000,5150.00000,3944,2400
02/13/2019,17:00:00,5120.00000,5175.00000,5100.00000,5115.00000,2811,2271
02/14/2019,17:00:00,5120.00000,5140.00000,5075.00000,5110.00000,2597,2198
02/15/2019,17:00:00,5110.00000,5165.00000,5090.00000,5110.00000,2597,2198
02/19/2019,17:00:00,5400.00000,5515.00000,5390.00000,5480.00000,15944,1625
02/20/2019,17:00:00,5455.00000,5510.00000,5415.00000,5480.00000,5226,1002
02/21/2019,17:00:00,5475.00000,5525.00000,5400.00000,5440.00000,1246,2713
02/22/2019,17:00:00,5435.00000,5510.00000,5425.00000,5470.00000,4000,2884
02/25/2019,17:00:00,5310.00000,5385.00000,5245.00000,5360.00000,5866,2847
02/26/2019,17:00:00,5345.00000,5360.00000,5285.00000,5315.00000,3067,2675
02/27/2019,17:00:00,5320.00000,5355.00000,5160.00000,5250.00000,4843,2636
02/28/2019,17:00:00,5305.00000,5415.00000,5285.00000,5330.00000,1825,2420
03/01/2019,17:00:00,5325.00000,5370.00000,5320.00000,5360.00000,1825,2420
03/04/2019,17:00:00,5320.00000,5335.00000,5200.00000,5230.00000,4577,2368
03/05/2019,17:00:00,5215.00000,5405.00000,5195.00000,5375.00000,4969,2436
03/06/2019,17:00:00,5375.00000,5440.00000,5350.00000,5380.00000,4104,2370
03/07/2019,17:00:00,5395.00000,5430.00000,5370.00000,5410.00000,4092,2571
03/08/2019,17:00:00,5445.00000,5460.00000,5385.00000,5430.00000,3781,2551
03/11/2019,17:00:00,5425.00000,5455.00000,5350.00000,5375.00000,3539,2428
03/12/2019,17:00:00,5385.00000,5420.00000,5330.00000,5385.00000,2961,2455
03/13/2019,17:00:00,5395.00000,5410.00000,5360.00000,5385.00000,2105,2496
03/14/2019,17:00:00,5380.00000,5445.00000,5315.00000,5385.00000,4463,2362
03/15/2019,17:00:00,5390.00000,5450.00000,5385.00000,5440.00000,2938,2366
03/18/2019,17:00:00,5505.00000,5565.00000,5475.00000,5500.00000,2756,2343
03/19/2019,17:00:00,5510.00000,5555.00000,5490.00000,5535.00000,2332,2324
03/20/2019,17:00:00,5530.00000,5560.00000,5505.00000,5550.00000,2560,2290
03/21/2019,17:00:00,5555.00000,5600.00000,5440.00000,5505.00000,3769,2186
03/22/2019,17:00:00,5510.00000,5535.00000,5495.00000,5520.00000,1704,2021
03/25/2019,17:00:00,5505.00000,5510.00000,5385.00000,5435.00000,2410,1744
03/26/2019,17:00:00,5425.00000,5455.00000,5420.00000,5445.00000,1996,1317
03/27/2019,17:00:00,5445.00000,5575.00000,5445.00000,5545.00000,4108,699
03/28/2019,17:00:00,5545.00000,5570.00000,5530.00000,5545.00000,4797,2410
03/29/2019,17:00:00,5545.00000,5645.00000,5540.00000,5615.00000,4797,2433
04/01/2019,17:00:00,5630.00000,5685.00000,5580.00000,5665.00000,1897,2550
04/02/2019,17:00:00,5675.00000,6635.00000,5670.00000,6315.00000,10442,2269
04/03/2019,17:00:00,6350.00000,6865.00000,6350.00000,6690.00000,16115,2605
04/04/2019,17:00:00,6750.00000,6815.00000,6320.00000,6380.00000,21775,2430
04/05/2019,17:00:00,6475.00000,6610.00000,6430.00000,6560.00000,9560,2589
04/08/2019,17:00:00,6705.00000,6910.00000,6670.00000,6750.00000,16170,2806
04/09/2019,17:00:00,6830.00000,6860.00000,6690.00000,6760.00000,8967,2736
04/10/2019,17:00:00,6760.00000,7020.00000,6700.00000,6955.00000,7838,2843
04/11/2019,17:00:00,6840.00000,6895.00000,6505.00000,6615.00000,7931,2714
04/12/2019,17:00:00,6570.00000,6665.00000,6440.00000,6605.00000,7931,2682
04/15/2019,17:00:00,6650.00000,6740.00000,6485.00000,6550.00000,10075,2529
04/16/2019,17:00:00,6570.00000,6775.00000,6565.00000,6740.00000,6800,2517
04/17/2019,17:00:00,6755.00000,6825.00000,6725.00000,6775.00000,6698,2496
04/18/2019,17:00:00,6770.00000,6865.00000,6745.00000,6835.00000,6451,2500
04/22/2019,17:00:00,6815.00000,6990.00000,6795.00000,6935.00000,9800,2283
04/23/2019,17:00:00,6940.00000,7205.00000,6915.00000,7130.00000,10603,1819
04/24/2019,17:00:00,7120.00000,7165.00000,6910.00000,6975.00000,11087,1231
04/25/2019,17:00:00,6980.00000,7060.00000,6920.00000,7030.00000,1238,2011
04/26/2019,17:00:00,6940.00000,6940.00000,6470.00000,6620.00000,8655,2269
04/29/2019,17:00:00,6635.00000,6725.00000,6610.00000,6680.00000,3421,2434
04/30/2019,17:00:00,6680.00000,6825.00000,6630.00000,6770.00000,4094,2495
05/01/2019,17:00:00,6790.00000,6890.00000,6790.00000,6840.00000,3557,2447
05/02/2019,17:00:00,6825.00000,6955.00000,6820.00000,6930.00000,13229,2692
05/03/2019,17:00:00,6930.00000,7340.00000,6895.00000,7210.00000,13229,2692
05/06/2019,17:00:00,7275.00000,7335.00000,7105.00000,7285.00000,7075,2652
05/07/2019,17:00:00,7240.00000,7525.00000,7225.00000,7385.00000,10086,2750
05/08/2019,17:00:00,7425.00000,7455.00000,7180.00000,7440.00000,7023,2740
05/09/2019,17:00:00,7445.00000,7660.00000,7390.00000,7605.00000,9795,2691
05/10/2019,17:00:00,7665.00000,7970.00000,7650.00000,7905.00000,9795,2691
05/13/2019,17:00:00,8690.00000,9570.00000,8410.00000,9490.00000,31433,2982
05/14/2019,17:00:00,9685.00000,9925.00000,9170.00000,9320.00000,26372,2654
05/15/2019,17:00:00,9355.00000,9840.00000,9355.00000,9765.00000,13408,2740
05/16/2019,17:00:00,9725.00000,9985.00000,9265.00000,9415.00000,15465,2739
05/17/2019,17:00:00,9480.00000,9530.00000,7860.00000,8720.00000,15465,2704
05/20/2019,17:00:00,9615.00000,9920.00000,9160.00000,9390.00000,15195,2805
05/21/2019,17:00:00,9605.00000,9680.00000,9380.00000,9590.00000,7778,2798
05/22/2019,17:00:00,9570.00000,9615.00000,9250.00000,9490.00000,10834,2710
05/23/2019,17:00:00,9225.00000,9435.00000,9025.00000,9350.00000,10992,2716
05/24/2019,17:00:00,9385.00000,9770.00000,9355.00000,9625.00000,12003,2717
05/28/2019,17:00:00,10200.00000,10575.00000,10090.00000,10245.00000,18551,2197
05/29/2019,17:00:00,10270.00000,10315.00000,9960.00000,10230.00000,11721,1312
05/30/2019,17:00:00,10195.00000,10655.00000,9895.00000,10155.00000,8559,3557
05/31/2019,17:00:00,9795.00000,10090.00000,9620.00000,10010.00000,8559,3557
06/03/2019,17:00:00,10205.00000,10340.00000,9860.00000,10115.00000,4641,3531
06/04/2019,17:00:00,10035.00000,10040.00000,8990.00000,9100.00000,11780,3394
06/05/2019,17:00:00,9000.00000,9445.00000,8910.00000,9310.00000,2851,3383
06/06/2019,17:00:00,9220.00000,9390.00000,8935.00000,9085.00000,4391,3139
06/07/2019,17:00:00,9240.00000,9650.00000,9215.00000,9485.00000,2925,3319
06/10/2019,17:00:00,9150.00000,9590.00000,8990.00000,9485.00000,3256,3171
06/11/2019,17:00:00,9455.00000,9560.00000,9195.00000,9395.00000,2537,3084
06/12/2019,17:00:00,9405.00000,9815.00000,9305.00000,9670.00000,3930,3240
06/13/2019,17:00:00,9655.00000,9805.00000,9545.00000,9760.00000,2079,3278
06/14/2019,17:00:00,9840.00000,9990.00000,9690.00000,9915.00000,2084,3164
06/17/2019,17:00:00,10540.00000,10970.00000,10530.00000,10855.00000,6926,3495
06/18/2019,17:00:00,10840.00000,11050.00000,10460.00000,10590.00000,6733,3263
06/19/2019,17:00:00,10495.00000,10730.00000,10460.00000,10685.00000,2222,3259
06/20/2019,17:00:00,10795.00000,11180.00000,10735.00000,11100.00000,5347,3516
06/21/2019,17:00:00,11090.00000,11535.00000,11035.00000,11455.00000,6905,3572
06/24/2019,17:00:00,12400.00000,12635.00000,12090.00000,12420.00000,9902,3096
06/25/2019,17:00:00,12510.00000,13000.00000,12485.00000,12855.00000,10348,2366
06/26/2019,17:00:00,12995.00000,15390.00000,12995.00000,15360.00000,21334,1739
06/27/2019,17:00:00,13965.00000,14785.00000,11785.00000,12310.00000,4871,3900
06/28/2019,17:00:00,12035.00000,13885.00000,12035.00000,13805.00000,9323,4177
07/01/2019,17:00:00,12720.00000,12720.00000,11365.00000,11590.00000,9774,4222
07/02/2019,17:00:00,11900.00000,12335.00000,11020.00000,12205.00000,6869,4268
07/03/2019,17:00:00,12105.00000,12980.00000,12070.00000,12585.00000,8761,4072
07/05/2019,17:00:00,12700.00000,13445.00000,12125.00000,12500.00000,8761,4072
07/08/2019,17:00:00,12845.00000,13740.00000,12715.00000,13660.00000,3934,4287
07/09/2019,17:00:00,13745.00000,14330.00000,13545.00000,13975.00000,6427,4406
07/10/2019,17:00:00,14040.00000,14695.00000,12975.00000,13485.00000,10622,4147
07/11/2019,17:00:00,13345.00000,13600.00000,12260.00000,12945.00000,3357,4003
07/12/2019,17:00:00,12620.00000,13220.00000,12410.00000,12945.00000,3357,4003
07/15/2019,17:00:00,12160.00000,12255.00000,11130.00000,12125.00000,7597,3972
07/16/2019,17:00:00,12055.00000,12370.00000,10675.00000,10945.00000,8513,3853
07/17/2019,17:00:00,10910.00000,11240.00000,10310.00000,11010.00000,8039,3861
07/18/2019,17:00:00,11040.00000,12040.00000,10560.00000,11765.00000,4699,3565
07/19/2019,17:00:00,11850.00000,12060.00000,11345.00000,11675.00000,4699,3565
07/22/2019,17:00:00,11845.00000,11935.00000,11285.00000,11360.00000,5223,3153
07/23/2019,17:00:00,11505.00000,11585.00000,11075.00000,11365.00000,3685,2563
07/24/2019,17:00:00,11370.00000,11370.00000,10700.00000,10855.00000,5616,1748
07/25/2019,17:00:00,11010.00000,11430.00000,10980.00000,11030.00000,2071,2030
07/26/2019,17:00:00,11050.00000,11140.00000,10825.00000,11105.00000,2604,2536
07/29/2019,17:00:00,10660.00000,10935.00000,10280.00000,10615.00000,3073,2535
07/30/2019,17:00:00,10650.00000,11015.00000,10555.00000,10820.00000,2380,2766
07/31/2019,17:00:00,10810.00000,11380.00000,10770.00000,11200.00000,2198,2929
08/01/2019,17:00:00,11245.00000,11750.00000,11100.00000,11535.00000,2699,3042
08/02/2019,17:00:00,11680.00000,11955.00000,11575.00000,11685.00000,2699,3036
08/05/2019,17:00:00,12155.00000,13215.00000,12155.00000,12995.00000,4071,3128
08/06/2019,17:00:00,13010.00000,13590.00000,12785.00000,12915.00000,3814,3025
08/07/2019,17:00:00,12685.00000,13415.00000,12410.00000,12970.00000,5017,3087
08/08/2019,17:00:00,13160.00000,13290.00000,12685.00000,12775.00000,2431,3019
08/09/2019,17:00:00,12940.00000,13320.00000,12880.00000,13030.00000,3517,3184
08/12/2019,17:00:00,12760.00000,12780.00000,12425.00000,12645.00000,1834,3212
08/13/2019,17:00:00,12590.00000,12655.00000,11885.00000,12030.00000,4145,3065
08/14/2019,17:00:00,12015.00000,12040.00000,11155.00000,11245.00000,6021,2966
08/15/2019,17:00:00,11325.00000,11525.00000,10585.00000,11215.00000,7407,2790
08/16/2019,17:00:00,11485.00000,11675.00000,10850.00000,11600.00000,5247,2742
08/19/2019,17:00:00,11530.00000,11975.00000,11390.00000,11830.00000,2653,2765
08/20/2019,17:00:00,11850.00000,12100.00000,11675.00000,11860.00000,2558,2772
08/21/2019,17:00:00,11900.00000,11975.00000,10935.00000,11200.00000,5034,2542
08/22/2019,17:00:00,11125.00000,11340.00000,10850.00000,11270.00000,3956,2479
08/23/2019,17:00:00,11290.00000,11620.00000,11135.00000,11545.00000,3319,2576
08/26/2019,17:00:00,11115.00000,11815.00000,11055.00000,11415.00000,4193,2294
08/27/2019,17:00:00,11390.00000,11495.00000,11115.00000,11250.00000,3663,1736
08/28/2019,17:00:00,11235.00000,11405.00000,10555.00000,10730.00000,5694,1025
08/29/2019,17:00:00,10800.00000,10815.00000,10385.00000,10555.00000,1611,2914
08/30/2019,17:00:00,10575.00000,10765.00000,10405.00000,10635.00000,2856,3114
09/03/2019,17:00:00,10780.00000,11910.00000,10780.00000,11785.00000,7222,3768
09/04/2019,17:00:00,11825.00000,11950.00000,11455.00000,11820.00000,3701,3682
09/05/2019,17:00:00,11775.00000,11795.00000,11515.00000,11610.00000,6764,3613
09/06/2019,17:00:00,11620.00000,12115.00000,11215.00000,11445.00000,6764,3612
09/09/2019,17:00:00,11475.00000,11605.00000,11100.00000,11355.00000,3966,3477
09/10/2019,17:00:00,11345.00000,11440.00000,10930.00000,11045.00000,3400,3294
09/11/2019,17:00:00,11130.00000,11330.00000,10885.00000,11110.00000,3528,3197
09/12/2019,17:00:00,11145.00000,11455.00000,11070.00000,11395.00000,3099,3513
09/13/2019,17:00:00,11465.00000,11545.00000,11190.00000,11250.00000,2876,3310
09/16/2019,17:00:00,11320.00000,11415.00000,11090.00000,11120.00000,2313,3232
09/17/2019,17:00:00,11290.00000,11390.00000,11170.00000,11290.00000,1583,3182
09/18/2019,17:00:00,11235.00000,11295.00000,11105.00000,11190.00000,1581,3236
09/19/2019,17:00:00,11300.00000,11435.00000,10590.00000,11140.00000,4344,3015
09/20/2019,17:00:00,11140.00000,11340.00000,11080.00000,11165.00000,2400,3014
09/23/2019,17:00:00,11110.00000,11110.00000,10675.00000,10790.00000,4645,2338
09/24/2019,17:00:00,10755.00000,10765.00000,8980.00000,9365.00000,10527,1909
09/25/2019,17:00:00,9655.00000,9770.00000,9190.00000,9335.00000,5824,1172
09/26/2019,17:00:00,9570.00000,9610.00000,8695.00000,9110.00000,3497,2012
09/27/2019,17:00:00,9060.00000,9110.00000,8840.00000,8965.00000,3497,2012
09/30/2019,17:00:00,9020.00000,9345.00000,8640.00000,9265.00000,4976,2142
10/01/2019,17:00:00,9290.00000,9490.00000,9165.00000,9255.00000,3539,2142
10/02/2019,17:00:00,9260.00000,9330.00000,9115.00000,9200.00000,1861,2147
10/03/2019,17:00:00,9215.00000,9365.00000,9005.00000,9090.00000,1994,2180
10/04/2019,17:00:00,9095.00000,9240.00000,8950.00000,9155.00000,1994,2180
10/07/2019,17:00:00,8830.00000,9280.00000,8675.00000,9185.00000,5782,2144
10/08/2019,17:00:00,9190.00000,9295.00000,9025.00000,9100.00000,2275,2126
10/09/2019,17:00:00,9115.00000,9710.00000,9055.00000,9575.00000,4716,2560
10/10/2019,17:00:00,9535.00000,9600.00000,9375.00000,9525.00000,4134,2205
10/11/2019,17:00:00,9525.00000,9780.00000,9215.00000,9285.00000,4134,2205
10/14/2019,17:00:00,9185.00000,9365.00000,9150.00000,9285.00000,1774,2184
10/15/2019,17:00:00,9270.00000,9365.00000,9015.00000,9100.00000,2752,2206
10/16/2019,17:00:00,9080.00000,9125.00000,8830.00000,8880.00000,3685,2472
10/17/2019,17:00:00,8905.00000,9080.00000,8865.00000,8990.00000,2582,1955
10/18/2019,17:00:00,8995.00000,9060.00000,8735.00000,8890.00000,3414,1850
10/21/2019,17:00:00,9185.00000,9310.00000,9090.00000,9135.00000,3642,1567
10/22/2019,17:00:00,9160.00000,9260.00000,8995.00000,9095.00000,2446,1321
10/23/2019,17:00:00,9010.00000,9040.00000,8175.00000,8405.00000,5767,1442
10/24/2019,17:00:00,8345.00000,8435.00000,8275.00000,8400.00000,8600,1711
10/25/2019,17:00:00,8345.00000,9785.00000,8295.00000,9615.00000,8600,1711
10/28/2019,17:00:00,10600.00000,10950.00000,10230.00000,10430.00000,6474,1707
10/29/2019,17:00:00,10485.00000,10555.00000,10055.00000,10215.00000,3035,1835
10/30/2019,17:00:00,10440.00000,10465.00000,9960.00000,10170.00000,3553,1964
10/31/2019,17:00:00,10125.00000,10410.00000,9900.00000,10205.00000,2641,1912
11/01/2019,17:00:00,10130.00000,10260.00000,10020.00000,10135.00000,2641,1912
11/04/2019,17:00:00,10170.00000,10690.00000,10070.00000,10465.00000,3453,2294
11/05/2019,17:00:00,10380.00000,10480.00000,9260.00000,10320.00000,2875,2084
11/06/2019,17:00:00,10305.00000,10415.00000,10225.00000,10260.00000,1366,2026
11/07/2019,17:00:00,10325.00000,10360.00000,10025.00000,10120.00000,3323,2001
11/08/2019,17:00:00,10160.00000,10205.00000,9580.00000,9745.00000,5487,1801
11/11/2019,17:00:00,10000.00000,10035.00000,9485.00000,9650.00000,3623,1698
11/12/2019,17:00:00,9635.00000,9815.00000,9455.00000,9735.00000,3545,1666
11/13/2019,17:00:00,9715.00000,9780.00000,9630.00000,9685.00000,2121,1684
11/14/2019,17:00:00,9705.00000,9730.00000,9490.00000,9575.00000,2337,1742
11/15/2019,17:00:00,9580.00000,9720.00000,9255.00000,9405.00000,4095,1562
11/18/2019,17:00:00,9450.00000,9465.00000,8905.00000,9105.00000,4004,1648
11/19/2019,17:00:00,9100.00000,9115.00000,8905.00000,9010.00000,3007,1556
11/20/2019,17:00:00,9045.00000,9175.00000,8945.00000,9010.00000,3885,1543
11/21/2019,17:00:00,9010.00000,9040.00000,8260.00000,8480.00000,5630,1506
11/22/2019,17:00:00,8520.00000,8635.00000,7675.00000,8230.00000,9941,1367
11/25/2019,17:00:00,7950.00000,8275.00000,7410.00000,8065.00000,10022,1332
11/26/2019,17:00:00,8105.00000,8245.00000,7915.00000,8015.00000,5897,1181
11/27/2019,17:00:00,8050.00000,8600.00000,7735.00000,8470.00000,8583,852
11/29/2019,17:00:00,8385.00000,8775.00000,8210.00000,8645.00000,4898,2414
12/02/2019,17:00:00,8310.00000,8400.00000,8040.00000,8180.00000,4334,2558
12/03/2019,17:00:00,8215.00000,8290.00000,8105.00000,8185.00000,1711,2536
12/04/2019,17:00:00,8180.00000,8810.00000,7930.00000,8065.00000,8673,2563
12/05/2019,17:00:00,8100.00000,8370.00000,8025.00000,8265.00000,3514,2495
12/06/2019,17:00:00,8280.00000,8500.00000,8180.00000,8305.00000,3514,2495
12/09/2019,17:00:00,8415.00000,8550.00000,8135.00000,8165.00000,3527,2606
12/10/2019,17:00:00,8190.00000,8255.00000,8010.00000,8060.00000,3362,2699
12/11/2019,17:00:00,8095.00000,8135.00000,7975.00000,8020.00000,2979,2636
12/12/2019,17:00:00,8055.00000,8215.00000,7915.00000,8110.00000,3653,2496
12/13/2019,17:00:00,8060.00000,8180.00000,8045.00000,8110.00000,3653,2496
12/16/2019,17:00:00,7965.00000,7990.00000,7635.00000,7705.00000,7720,2524
12/17/2019,17:00:00,7725.00000,7785.00000,7405.00000,7425.00000,5979,2833
12/18/2019,17:00:00,7420.00000,8080.00000,7265.00000,7980.00000,11821,2113
12/19/2019,17:00:00,8125.00000,8285.00000,7900.00000,8010.00000,4596,2048
12/20/2019,17:00:00,8005.00000,8080.00000,7930.00000,8075.00000,2478,1977
12/23/2019,17:00:00,8265.00000,8560.00000,8135.00000,8255.00000,1466,1071
12/24/2019,17:00:00,8175.00000,8275.00000,8060.00000,8080.00000,3521,1405
12/26/2019,17:00:00,8070.00000,8295.00000,8020.00000,8105.00000,4441,1985
12/27/2019,17:00:00,8050.00000,8120.00000,7885.00000,8070.00000,4441,1985
12/30/2019,17:00:00,8250.00000,8285.00000,8050.00000,8090.00000,3115,2140
12/31/2019,17:00:00,8100.00000,8155.00000,7965.00000,8015.00000,2953,2214
01/02/2020,17:00:00,8030.00000,8030.00000,7705.00000,7745.00000,4754,2643
01/03/2020,17:00:00,7765.00000,8305.00000,7665.00000,8190.00000,8657,2655
01/06/2020,17:00:00,8240.00000,8490.00000,8190.00000,8420.00000,6104,2996
01/07/2020,17:00:00,8530.00000,9105.00000,8530.00000,9085.00000,11526,3885
01/08/2020,17:00:00,8970.00000,9400.00000,8720.00000,8915.00000,16332,3578
01/09/2020,17:00:00,8925.00000,8975.00000,8605.00000,8690.00000,10399,3400
01/10/2020,17:00:00,8660.00000,9025.00000,8505.00000,8940.00000,13111,3622
01/13/2020,17:00:00,9040.00000,9105.00000,8905.00000,9005.00000,3206,3407
01/14/2020,17:00:00,8970.00000,9760.00000,8955.00000,9555.00000,13502,3683
01/15/2020,17:00:00,9615.00000,9800.00000,9440.00000,9685.00000,7019,3471
01/16/2020,17:00:00,9730.00000,9760.00000,9420.00000,9595.00000,5818,3264
01/17/2020,17:00:00,9570.00000,9890.00000,9525.00000,9730.00000,6895,3344
01/21/2020,17:00:00,9525.00000,9630.00000,9320.00000,9555.00000,7456,3156
01/22/2020,17:00:00,9580.00000,9670.00000,9405.00000,9485.00000,4717,3003
01/23/2020,17:00:00,9470.00000,9510.00000,9095.00000,9175.00000,9837,2257
01/24/2020,17:00:00,9215.00000,9345.00000,9040.00000,9300.00000,9837,2257
01/27/2020,17:00:00,9400.00000,9825.00000,9380.00000,9800.00000,13131,2563
01/28/2020,17:00:00,9740.00000,10020.00000,9700.00000,9865.00000,15878,2095
01/29/2020,17:00:00,9980.00000,10295.00000,9945.00000,10215.00000,1328,1778
01/30/2020,17:00:00,10180.00000,10420.00000,10015.00000,10420.00000,2737,2470
01/31/2020,17:00:00,10405.00000,10435.00000,10025.00000,10130.00000,9428,2632
02/03/2020,17:00:00,10185.00000,10480.00000,9960.00000,10100.00000,8918,2660
02/04/2020,17:00:00,10045.00000,10130.00000,9820.00000,9945.00000,8189,2858
02/05/2020,17:00:00,9935.00000,10635.00000,9915.00000,10520.00000,14307,3619
02/06/2020,17:00:00,10490.00000,10700.00000,10375.00000,10585.00000,12014,3650
02/07/2020,17:00:00,10495.00000,10720.00000,10430.00000,10535.00000,8523,3538
02/10/2020,17:00:00,10890.00000,11050.00000,10200.00000,10625.00000,6779,3485
02/11/2020,17:00:00,10620.00000,11260.00000,10480.00000,11095.00000,15832,4123
02/12/2020,17:00:00,11015.00000,11310.00000,11005.00000,11215.00000,13010,3945
02/13/2020,17:00:00,11195.00000,11360.00000,10850.00000,10995.00000,8771,4180
02/14/2020,17:00:00,10995.00000,11325.00000,10900.00000,11185.00000,8771,4180
02/18/2020,17:00:00,10390.00000,11055.00000,10330.00000,10940.00000,20878,4060
02/19/2020,17:00:00,10970.00000,11235.00000,9935.00000,10915.00000,9019,4023
02/20/2020,17:00:00,10425.00000,10425.00000,10095.00000,10305.00000,3918,3672
02/21/2020,17:00:00,10340.00000,10520.00000,10290.00000,10430.00000,2125,3665
02/24/2020,17:00:00,10625.00000,10765.00000,10170.00000,10290.00000,7379,2475
02/25/2020,17:00:00,10330.00000,10385.00000,9930.00000,10010.00000,4061,1887
02/26/2020,17:00:00,10085.00000,10105.00000,9280.00000,9460.00000,2011,3579
02/27/2020,17:00:00,9375.00000,9630.00000,9150.00000,9520.00000,3889,3902
02/28/2020,17:00:00,9430.00000,9540.00000,9055.00000,9275.00000,3889,3901
03/02/2020,17:00:00,9220.00000,9605.00000,9115.00000,9550.00000,2157,3932
03/03/2020,17:00:00,9565.00000,9570.00000,9315.00000,9345.00000,2956,3848
03/04/2020,17:00:00,9405.00000,9485.00000,9275.00000,9335.00000,1842,3788
03/05/2020,17:00:00,9380.00000,9825.00000,9370.00000,9770.00000,1827,3731
03/06/2020,17:00:00,9715.00000,9825.00000,9635.00000,9740.00000,1827,3731
03/09/2020,17:00:00,8840.00000,8855.00000,8215.00000,8425.00000,9510,3666
03/10/2020,17:00:00,8410.00000,8750.00000,8330.00000,8570.00000,5067,3175
03/11/2020,17:00:00,8565.00000,8600.00000,8185.00000,8430.00000,3910,3078
03/12/2020,17:00:00,8415.00000,8575.00000,6170.00000,6585.00000,16034,3200
03/13/2020,17:00:00,6350.00000,6510.00000,4785.00000,5905.00000,15531,3366
03/16/2020,17:00:00,6425.00000,6425.00000,4965.00000,5505.00000,14879,3098
03/17/2020,17:00:00,5550.00000,6100.00000,5410.00000,5955.00000,6875,2877
03/18/2020,17:00:00,6015.00000,6050.00000,5565.00000,5915.00000,8746,2635
03/19/2020,17:00:00,5955.00000,6985.00000,5850.00000,6815.00000,8961,2399
03/20/2020,17:00:00,6850.00000,7525.00000,6240.00000,6785.00000,6787,1791
03/23/2020,17:00:00,6635.00000,7225.00000,6260.00000,6875.00000,8329,1535
03/24/2020,17:00:00,7025.00000,7460.00000,6970.00000,7300.00000,7837,1399
03/25/2020,17:00:00,7315.00000,7570.00000,7040.00000,7205.00000,5175,1054
03/26/2020,17:00:00,7165.00000,7390.00000,7105.00000,7240.00000,1505,2225
03/27/2020,17:00:00,7305.00000,7460.00000,7160.00000,7225.00000,2372,2428
03/30/2020,17:00:00,6590.00000,7080.00000,6380.00000,6925.00000,4341,2509
03/31/2020,17:00:00,7050.00000,7205.00000,6885.00000,7020.00000,2305,2576
04/01/2020,17:00:00,7000.00000,7010.00000,6700.00000,6755.00000,2656,2906
04/02/2020,17:00:00,6945.00000,7890.00000,6925.00000,7410.00000,9591,3550
04/03/2020,17:00:00,7435.00000,7645.00000,7170.00000,7345.00000,3943,3419
04/06/2020,17:00:00,7365.00000,7920.00000,7330.00000,7875.00000,10939,3564
04/07/2020,17:00:00,7895.00000,8060.00000,7650.00000,7875.00000,7749,3609
04/08/2020,17:00:00,7740.00000,8020.00000,7705.00000,7880.00000,3066,3132
04/09/2020,17:00:00,7880.00000,7960.00000,7635.00000,7835.00000,2793,3052
04/13/2020,17:00:00,7705.00000,7705.00000,7100.00000,7355.00000,5395,3148
04/14/2020,17:00:00,7400.00000,7555.00000,7330.00000,7495.00000,2232,3339
04/15/2020,17:00:00,7440.00000,7495.00000,7230.00000,7285.00000,2144,3293
04/16/2020,17:00:00,7280.00000,7750.00000,7010.00000,7650.00000,1863,3600
04/17/2020,17:00:00,7650.00000,7780.00000,7555.00000,7625.00000,1863,3600
04/20/2020,17:00:00,7745.00000,7800.00000,7310.00000,7340.00000,4302,3445
04/21/2020,17:00:00,7420.00000,7505.00000,7325.00000,7435.00000,2879,3071
04/22/2020,17:00:00,7465.00000,7740.00000,7375.00000,7660.00000,3504,2699
04/23/2020,17:00:00,7655.00000,8375.00000,7590.00000,8130.00000,4094,3155
04/24/2020,17:00:00,8195.00000,8215.00000,7970.00000,8100.00000,2367,3594
04/27/2020,17:00:00,8170.00000,8410.00000,8150.00000,8285.00000,2872,3783
04/28/2020,17:00:00,8350.00000,8380.00000,8240.00000,8285.00000,1762,3953
04/29/2020,17:00:00,8305.00000,9570.00000,8285.00000,9330.00000,9729,4496
04/30/2020,17:00:00,9445.00000,10065.00000,8985.00000,9435.00000,5127,5231
05/01/2020,17:00:00,9355.00000,9650.00000,9160.00000,9345.00000,5127,5225
05/04/2020,17:00:00,9470.00000,9565.00000,9105.00000,9440.00000,3992,5063
05/05/2020,17:00:00,9560.00000,9730.00000,9340.00000,9490.00000,4675,5084
05/06/2020,17:00:00,9540.00000,10020.00000,9485.00000,9845.00000,6330,5777
05/07/2020,17:00:00,9875.00000,10620.00000,9610.00000,10515.00000,6747,6261
05/08/2020,17:00:00,10515.00000,10725.00000,10325.00000,10535.00000,6747,6234
05/11/2020,17:00:00,9325.00000,9780.00000,8725.00000,9300.00000,19225,5633
05/12/2020,17:00:00,9185.00000,9555.00000,9065.00000,9375.00000,6912,6322
05/13/2020,17:00:00,9350.00000,9935.00000,9335.00000,9775.00000,5001,6873
05/14/2020,17:00:00,9905.00000,10575.00000,9860.00000,10230.00000,8874,6981
05/15/2020,17:00:00,10360.00000,10435.00000,9675.00000,9900.00000,7857,6671
05/18/2020,17:00:00,10300.00000,10540.00000,10020.00000,10250.00000,7691,6689
05/19/2020,17:00:00,10250.00000,10460.00000,10010.00000,10185.00000,6700,6668
05/20/2020,17:00:00,10260.00000,10400.00000,9835.00000,10075.00000,6276,6364
05/21/2020,17:00:00,10090.00000,10115.00000,9320.00000,9580.00000,8797,5236
05/22/2020,17:00:00,9690.00000,9790.00000,9450.00000,9680.00000,4564,4694
05/26/2020,17:00:00,9555.00000,9570.00000,9135.00000,9290.00000,8287,3473
05/27/2020,17:00:00,9355.00000,9770.00000,9315.00000,9675.00000,5653,2551
05/28/2020,17:00:00,9570.00000,10070.00000,9555.00000,9985.00000,3729,6869
05/29/2020,17:00:00,9960.00000,10145.00000,9825.00000,9895.00000,3864,6995
06/01/2020,17:00:00,9955.00000,10200.00000,9890.00000,10075.00000,3656,7233
06/02/2020,17:00:00,10170.00000,10990.00000,9760.00000,10005.00000,14048,7115
06/03/2020,17:00:00,10005.00000,10155.00000,9890.00000,10080.00000,3179,7202
06/04/2020,17:00:00,10090.00000,10410.00000,9960.00000,10320.00000,4508,7617
06/05/2020,17:00:00,10290.00000,10375.00000,10100.00000,10225.00000,4508,7617
06/08/2020,17:00:00,10235.00000,10325.00000,10145.00000,10205.00000,3757,7699
06/09/2020,17:00:00,10055.00000,10410.00000,10045.00000,10230.00000,4291,7599
06/10/2020,17:00:00,10330.00000,10555.00000,10145.00000,10360.00000,7010,8025
06/11/2020,17:00:00,10370.00000,10485.00000,9515.00000,9725.00000,10869,6831
06/12/2020,17:00:00,9805.00000,10035.00000,9690.00000,9890.00000,3848,6664
06/15/2020,17:00:00,9795.00000,9950.00000,9355.00000,9865.00000,5850,6321
06/16/2020,17:00:00,9900.00000,10055.00000,9840.00000,9955.00000,3436,6334
06/17/2020,17:00:00,9965.00000,10025.00000,9680.00000,9750.00000,3206,5843
06/18/2020,17:00:00,9850.00000,9940.00000,9745.00000,9835.00000,2135,5853
06/19/2020,17:00:00,9810.00000,9890.00000,9670.00000,9740.00000,3481,5821
06/22/2020,17:00:00,9775.00000,10125.00000,9705.00000,10010.00000,5062,5708
06/23/2020,17:00:00,10150.00000,10180.00000,10025.00000,10085.00000,3811,4605
06/24/2020,17:00:00,10090.00000,10110.00000,9605.00000,9710.00000,8255,4605
06/25/2020,17:00:00,9680.00000,9725.00000,9425.00000,9675.00000,4195,4958
06/26/2020,17:00:00,9775.00000,9775.00000,9405.00000,9555.00000,4195,4958
06/29/2020,17:00:00,9510.00000,9575.00000,9385.00000,9535.00000,2742,5032
06/30/2020,17:00:00,9590.00000,9630.00000,9435.00000,9520.00000,2856,5081
07/01/2020,17:00:00,9535.00000,9725.00000,9475.00000,9660.00000,4789,5473
07/02/2020,17:00:00,9615.00000,9670.00000,9285.00000,9395.00000,6562,5209
07/06/2020,17:00:00,9500.00000,9770.00000,9395.00000,9690.00000,6890,5320
07/07/2020,17:00:00,9685.00000,9790.00000,9585.00000,9625.00000,2975,5166
07/08/2020,17:00:00,9645.00000,9905.00000,9620.00000,9845.00000,5163,5835
07/09/2020,17:00:00,9840.00000,9880.00000,9525.00000,9590.00000,5931,5136
07/10/2020,17:00:00,9610.00000,9620.00000,9480.00000,9610.00000,2296,4906
07/13/2020,17:00:00,9625.00000,9745.00000,9575.00000,9605.00000,2844,5061
07/14/2020,17:00:00,9610.00000,9655.00000,9470.00000,9645.00000,2869,5051
07/15/2020,17:00:00,9630.00000,9655.00000,9500.00000,9525.00000,2330,5010
07/16/2020,17:00:00,9575.00000,9600.00000,9375.00000,9480.00000,3344,4768
07/17/2020,17:00:00,9465.00000,9555.00000,9430.00000,9530.00000,1674,4627
07/20/2020,17:00:00,9535.00000,9615.00000,9490.00000,9525.00000,2432,4590
07/21/2020,17:00:00,9540.00000,9815.00000,9510.00000,9730.00000,5408,5367
07/22/2020,17:00:00,9750.00000,9770.00000,9630.00000,9760.00000,3117,5396
07/23/2020,17:00:00,9760.00000,10070.00000,9760.00000,9985.00000,6653,5718
07/24/2020,17:00:00,10000.00000,10000.00000,9840.00000,9950.00000,3110,5363
07/27/2020,17:00:00,10260.00000,11390.00000,10260.00000,11230.00000,16157,5638
07/28/2020,17:00:00,11415.00000,11875.00000,10970.00000,11370.00000,15293,4734
07/29/2020,17:00:00,11395.00000,11685.00000,11225.00000,11575.00000,3530,7079
07/30/2020,17:00:00,11675.00000,11730.00000,11175.00000,11520.00000,3917,8837
07/31/2020,17:00:00,11480.00000,11925.00000,11355.00000,11760.00000,9692,10075
08/03/2020,17:00:00,11500.00000,11870.00000,11330.00000,11770.00000,5333,10112
08/04/2020,17:00:00,11710.00000,11750.00000,11275.00000,11520.00000,6915,9590
08/05/2020,17:00:00,11535.00000,12125.00000,11340.00000,12000.00000,11366,10430
08/06/2020,17:00:00,12080.00000,12235.00000,11855.00000,12190.00000,10007,9380
08/07/2020,17:00:00,12140.00000,12235.00000,11545.00000,11725.00000,10007,9372
08/10/2020,17:00:00,11950.00000,12370.00000,11795.00000,12165.00000,9860,10047
08/11/2020,17:00:00,12155.00000,12240.00000,11340.00000,11585.00000,10291,8847
08/12/2020,17:00:00,11490.00000,11895.00000,11370.00000,11815.00000,6069,9257
08/13/2020,17:00:00,11750.00000,11910.00000,11490.00000,11740.00000,9980,9673
08/14/2020,17:00:00,11915.00000,12150.00000,11890.00000,12085.00000,9980,9673
08/17/2020,17:00:00,12100.00000,12785.00000,12055.00000,12635.00000,8883,10186
08/18/2020,17:00:00,12620.00000,12705.00000,12000.00000,12185.00000,10621,8995
08/19/2020,17:00:00,12250.00000,12300.00000,11730.00000,11840.00000,10164,7625
08/20/2020,17:00:00,11890.00000,12100.00000,11860.00000,12045.00000,4860,7659
08/21/2020,17:00:00,12275.00000,12275.00000,11750.00000,11845.00000,9663,6846
08/24/2020,17:00:00,11845.00000,12015.00000,11745.00000,11920.00000,7416,6121
08/25/2020,17:00:00,11915.00000,11960.00000,11265.00000,11460.00000,12762,4727
08/26/2020,17:00:00,11450.00000,11720.00000,11410.00000,11630.00000,2732,5576
08/27/2020,17:00:00,11620.00000,11740.00000,11205.00000,11340.00000,4740,6725
08/28/2020,17:00:00,11420.00000,11700.00000,11370.00000,11630.00000,7783,8015
08/31/2020,17:00:00,11735.00000,11915.00000,11705.00000,11835.00000,4865,8266
09/01/2020,17:00:00,11755.00000,12200.00000,11625.00000,12075.00000,8919,8739
09/02/2020,17:00:00,12135.00000,12175.00000,11165.00000,11460.00000,17210,7528
09/03/2020,17:00:00,11440.00000,11530.00000,10460.00000,10720.00000,15412,6589
09/04/2020,17:00:00,10780.00000,10785.00000,9905.00000,10620.00000,15668,6348
09/08/2020,17:00:00,10425.00000,10475.00000,9890.00000,10015.00000,14549,5966
09/09/2020,17:00:00,10060.00000,10385.00000,9850.00000,10320.00000,5218,5947
09/10/2020,17:00:00,10285.00000,10565.00000,10215.00000,10315.00000,7860,7063
